%YAML:1.0
cameraMatrix: !!opencv-matrix
   rows: 3
   cols: 3
   dt: d
   data: [ 1.0955916690292272e+03, 0., 9.8790929759270591e+02, 0.,
       1.0955916690292272e+03, -1.7169155416763039e+02, 0., 0., 1. ]
focalLength: 1.0955916690292272e+03
fov: [ 8.2452205040650512e+01, 5.7414571097431747e+01 ]
sensorSize: [ 0., 0. ]
principalPoint: [ 9.8790929759270591e+02, -1.7169155416763039e+02 ]
imageSize: [ 1920, 1200 ]
translationVector: !!opencv-matrix
   rows: 3
   cols: 1
   dt: d
   data: [ -7.2593067888994023e-01, 4.7429566344234217e+00,
       6.1223767316844979e+00 ]
rotationVector: !!opencv-matrix
   rows: 3
   cols: 1
   dt: d
   data: [ 1.6370071726450006e+00, -1.6120572061283620e-01,
       -2.2339356563126955e+00 ]
rotationMatrix: !!opencv-matrix
   rows: 3
   cols: 3
   dt: d
   data: [ -2.6011643636381110e-01, 2.2293463626185353e-01,
       -9.3948900338864361e-01, -3.5551362848881363e-01,
       -9.2674317101593917e-01, -1.2147903084088038e-01,
       -8.9774690168895011e-01, 3.0240245192477655e-01,
       3.2031743252244993e-01 ]
rotationAngleRadians: 2.7742112904742342e+00
rotationAngleDegrees: 1.5895060729980469e+02
rotationAxis: !!opencv-matrix
   rows: 3
   cols: 1
   dt: d
   data: [ 5.9008020703612829e-01, -5.8108667197183488e-02,
       -8.0525072620940064e-01 ]
euler: !!opencv-matrix
   rows: 3
   cols: 1
   dt: d
   data: [ 1.7253216552734375e+02, 1.0615862274169922e+02,
       -2.0824926376342773e+01 ]
objectPoints: !!opencv-matrix
   rows: 6
   cols: 1
   dt: "3f"
   data: [ 2.68300295e+00, 2.51569659e-01, -4.63904381e-01, 0.,
       1.29143322e+00, -4.63904381e-01, 3.62799978e+00, 9.37990248e-01,
       0., 3.62799978e+00, 9.37990308e-01, -4.63904381e-01, 0.,
       1.29143333e+00, -1.72090340e+00, 2.58554435e+00, 4.98122574e-08,
       -8.35711002e-01 ]
imagePoints: !!opencv-matrix
   rows: 6
   cols: 1
   dt: "2f"
   data: [ 6.61903503e+02, 7.60609680e+02, 9.81769287e+02,
       4.23577667e+02, 4.94741699e+02, 6.08689392e+02, 6.07421387e+02,
       7.05313538e+02, 1.17540295e+03, 4.19575317e+02, 8.00036377e+02,
       8.63707397e+02 ]
