%YAML:1.0
cameraMatrix: !!opencv-matrix
   rows: 3
   cols: 3
   dt: d
   data: [ 2.2064837508301543e+03, 0., 7.7391683911631333e+02, 0.,
       2.2064837508301543e+03, 5.1253117118399484e+02, 0., 0., 1. ]
focalLength: 2.2064837508301543e+03
fov: [ 4.7025922050847214e+01, 3.0424743122486021e+01 ]
sensorSize: [ 0., 0. ]
principalPoint: [ 7.7391683911631333e+02, 5.1253117118399484e+02 ]
imageSize: [ 1920, 1200 ]
translationVector: !!opencv-matrix
   rows: 3
   cols: 1
   dt: d
   data: [ -1.4280119200298504e+00, 1.9864792895576351e+00,
       1.0712085089144795e+01 ]
rotationVector: !!opencv-matrix
   rows: 3
   cols: 1
   dt: d
   data: [ -1.6859398371232561e+00, -5.6413649333329853e-02,
       2.5070778273140979e+00 ]
rotationMatrix: !!opencv-matrix
   rows: 3
   cols: 3
   dt: d
   data: [ -3.7248087490799453e-01, -7.8429386514822869e-02,
       -9.2471986523416028e-01, 1.1994458247800086e-01,
       -9.9213371170142806e-01, 3.5832879311126969e-02,
       -9.2025610292024307e-01, -9.7568075908343405e-02,
       3.7895801297979037e-01 ]
rotationAngleRadians: 3.0217569171659511e+00
rotationAngleDegrees: 1.7313391113281250e+02
rotationAxis: !!opencv-matrix
   rows: 3
   cols: 1
   dt: d
   data: [ -5.5793364037517201e-01, -1.8669155355566840e-02,
       8.2967554837780899e-01 ]
euler: !!opencv-matrix
   rows: 3
   cols: 1
   dt: d
   data: [ -1.7793154907226562e+02, 1.1203603363037109e+02,
       6.8889055252075195e+00 ]
objectPoints: !!opencv-matrix
   rows: 6
   cols: 1
   dt: "3f"
   data: [ 0., 1.29143322e+00, -4.63904381e-01, 0., 2.76508558e-08,
       -4.63904381e-01, 0., 1.29143322e+00, 0., 0., 9.11015832e-08,
       -1.52843094e+00, 2.31697416e+00, 2.69999981e+00, -4.63904381e-01,
       0., 1.29143333e+00, -1.72090340e+00 ]
imagePoints: !!opencv-matrix
   rows: 6
   cols: 1
   dt: "2f"
   data: [ 5.31307495e+02, 6.53575439e+02, 5.54633362e+02,
       8.93484436e+02, 4.36522644e+02, 6.53957458e+02, 7.56565430e+02,
       8.89874939e+02, 1.23508415e+02, 3.55841217e+02, 7.85781006e+02,
       6.50271790e+02 ]
