%YAML:1.0
cameraMatrix: !!opencv-matrix
   rows: 3
   cols: 3
   dt: d
   data: [ 1.3447140163563081e+03, 0., 1.3150668224557808e+03, 0.,
       1.3447140163563081e+03, 1.7824622676293887e+02, 0., 0., 1. ]
focalLength: 1.3447140163563081e+03
fov: [ 7.1046571985632767e+01, 4.8092047561201049e+01 ]
sensorSize: [ 0., 0. ]
principalPoint: [ 1.3150668224557808e+03, 1.7824622676293887e+02 ]
imageSize: [ 1920, 1200 ]
translationVector: !!opencv-matrix
   rows: 3
   cols: 1
   dt: d
   data: [ 1.1254544472259282e+00, 2.1749975548151248e+00,
       4.2816967401429977e+00 ]
rotationVector: !!opencv-matrix
   rows: 3
   cols: 1
   dt: d
   data: [ 3.6186400914798239e-01, 1.1928313273401865e-01,
       -2.9814362617280992e+00 ]
rotationMatrix: !!opencv-matrix
   rows: 3
   cols: 3
   dt: d
   data: [ -9.6192322286249288e-01, 1.4390937257257336e-01,
       -2.3236567260161978e-01, -1.2488585791953072e-01,
       -9.8764321347438855e-01, -9.4680543775826423e-02,
       -2.4311979723901067e-01, -6.2056227437314218e-02,
       9.6800918839994010e-01 ]
rotationAngleRadians: 3.0056839836580815e+00
rotationAngleDegrees: 1.7221299743652344e+02
rotationAxis: !!opencv-matrix
   rows: 3
   cols: 1
   dt: d
   data: [ 1.2039323199492653e-01, 3.9685852998040255e-02,
       -9.9193271080332546e-01 ]
euler: !!opencv-matrix
   rows: 3
   cols: 1
   dt: d
   data: [ 1.7452406311035156e+02, 1.6581591796875000e+02,
       -7.1741695404052734e+00 ]
objectPoints: !!opencv-matrix
   rows: 12
   cols: 1
   dt: "3f"
   data: [ 2.69981575e+00, -1.64269105e-01, 5.15288174e-01,
       1.84684724e-01, 1.28032267e+00, 7.19501749e-02, 2.83479595e+00,
       -1.64269075e-01, 1.68848589e-01, 3.50747204e+00, -5.52584171e-01,
       8.29968154e-01, 3.67478657e+00, 2.17707705e+00, 8.95157516e-01,
       6.13711655e-01, 2.20528960e-01, -1.48110867e+00, 2.72167706e+00,
       2.33542991e+00, 5.23805797e-01, 2.54015756e+00, 2.33542991e+00,
       9.89692509e-01, 8.24632764e-01, 1.28032279e+00, -1.57053709e+00,
       1.01974773e+00, -8.81238580e-02, -1.04926467e+00, 3.64047933e+00,
       3.69500011e-01, 8.81790638e-01, 3.88446957e-01, 2.69292259e+00,
       1.51340336e-01 ]
imagePoints: !!opencv-matrix
   rows: 12
   cols: 1
   dt: "2f"
   data: [ 7.82931824e+02, 8.12807617e+02, 1.68048462e+03,
       4.56698730e+02, 7.17492188e+02, 8.81586304e+02, 5.23691833e+02,
       8.75101501e+02, 5.63909790e+02, 8.29627991e+00, 1.77551086e+03,
       1.19143896e+03, 8.85949280e+02, 5.13069153e+00, 9.51793030e+02,
       1.64027252e+01, 1.79409851e+03, 7.00074585e+02, 1.47496729e+03,
       1.16323584e+03, 5.10682251e+02, 5.82827332e+02, 1.66551575e+03,
       6.75949097e-01 ]
