%YAML:1.0
cameraMatrix: !!opencv-matrix
   rows: 3
   cols: 3
   dt: d
   data: [ 1.3534783525609514e+03, 0., 1.3132589893425022e+03, 0.,
       1.3534783525609514e+03, 1.7786797744244925e+02, 0., 0., 1. ]
focalLength: 1.3534783525609514e+03
fov: [ 7.0694905572990379e+01, 4.7815635275890493e+01 ]
sensorSize: [ 0., 0. ]
principalPoint: [ 1.3132589893425022e+03, 1.7786797744244925e+02 ]
imageSize: [ 1920, 1200 ]
translationVector: !!opencv-matrix
   rows: 3
   cols: 1
   dt: d
   data: [ 1.1331298750166112e+00, 2.1755147026334010e+00,
       4.2983135434913109e+00 ]
rotationVector: !!opencv-matrix
   rows: 3
   cols: 1
   dt: d
   data: [ 3.5819550235245418e-01, 1.1958896759392428e-01,
       -2.9820746540464791e+00 ]
rotationMatrix: !!opencv-matrix
   rows: 3
   cols: 3
   dt: d
   data: [ -9.6253669199255287e-01, 1.4365296963383803e-01,
       -2.2997160886381857e-01, -1.2477635441697453e-01,
       -9.8765539698132410e-01, -9.4697825698760257e-02,
       -2.4073632452632299e-01, -6.2455112913538391e-02,
       9.6857905249107767e-01 ]
rotationAngleRadians: 3.0058900148511984e+00
rotationAngleDegrees: 1.7222482299804688e+02
rotationAxis: !!opencv-matrix
   rows: 3
   cols: 1
   dt: d
   data: [ 1.1916454047976405e-01, 3.9784878023836921e-02,
       -9.9207710172792263e-01 ]
euler: !!opencv-matrix
   rows: 3
   cols: 1
   dt: d
   data: [ 1.7452313232421875e+02, 1.6595803833007812e+02,
       -7.1678342819213867e+00 ]
objectPoints: !!opencv-matrix
   rows: 12
   cols: 1
   dt: "3f"
   data: [ 2.69981575e+00, -1.64269105e-01, 5.15288174e-01,
       1.84684724e-01, 1.28032267e+00, 7.19501749e-02, 2.83479595e+00,
       -1.64269075e-01, 1.68848589e-01, 3.50747204e+00, -5.52584171e-01,
       8.29968154e-01, 3.67478657e+00, 2.17707705e+00, 8.95157516e-01,
       6.13711655e-01, 2.20528960e-01, -1.48110867e+00, 2.72167706e+00,
       2.33542991e+00, 5.23805797e-01, 2.54015756e+00, 2.33542991e+00,
       9.89692509e-01, 8.24632764e-01, 1.28032279e+00, -1.57053709e+00,
       1.01974773e+00, -8.81238580e-02, -1.04926467e+00, 3.64047933e+00,
       3.69500011e-01, 8.81790638e-01, 3.88446957e-01, 2.69292259e+00,
       1.51340336e-01 ]
imagePoints: !!opencv-matrix
   rows: 12
   cols: 1
   dt: "2f"
   data: [ 7.82931824e+02, 8.12807617e+02, 1.68448462e+03,
       4.56698730e+02, 7.17492188e+02, 8.81586304e+02, 5.23691833e+02,
       8.75101501e+02, 5.63909790e+02, 8.29627991e+00, 1.77551086e+03,
       1.19143896e+03, 8.85949280e+02, 5.13069153e+00, 9.51793030e+02,
       1.64027252e+01, 1.79409851e+03, 7.00074585e+02, 1.47496729e+03,
       1.16323584e+03, 5.10682251e+02, 5.82827332e+02, 1.66551575e+03,
       6.75949097e-01 ]
