%YAML:1.0
cameraMatrix: !!opencv-matrix
   rows: 3
   cols: 3
   dt: d
   data: [ 1.0392304638196795e+03, 0., 9.5999930385286348e+02, 0.,
       1.0392304638196795e+03, 5.9999998843157630e+02, 0., 0., 1. ]
focalLength: 1.0392304638196795e+03
fov: [ 8.5461056715657904e+01, 6.0000000989385782e+01 ]
sensorSize: [ 0., 0. ]
principalPoint: [ 9.5999930385286348e+02, 5.9999998843157630e+02 ]
imageSize: [ 1920, 1200 ]
translationVector: !!opencv-matrix
   rows: 3
   cols: 1
   dt: d
   data: [ 1.3306617431963670e+00, 8.0775973364639242e-01,
       4.4782537363885648e+00 ]
rotationVector: !!opencv-matrix
   rows: 3
   cols: 1
   dt: d
   data: [ 1.3636685075001178e-02, 6.9714709088046845e-01,
       -3.0560783182231432e+00 ]
rotationMatrix: !!opencv-matrix
   rows: 3
   cols: 3
   dt: d
   data: [ -9.9993780949867106e-01, 8.7372654147142743e-03,
       -6.9308966283029381e-03, -4.8671905514020477e-03,
       -9.0105090619966910e-01, -4.3368603262370747e-01,
       -1.0034320661396359e-02, -4.3362532747733723e-01,
       9.0103739532776117e-01 ]
rotationAngleRadians: 3.1346155605778088e+00
rotationAngleDegrees: 1.7960025024414062e+02
rotationAxis: !!opencv-matrix
   rows: 3
   cols: 1
   dt: d
   data: [ 4.3503532766510948e-03, 2.2240274043428859e-01,
       -9.7494517562460237e-01 ]
euler: !!opencv-matrix
   rows: 3
   cols: 1
   dt: d
   data: [ 1.5429795837402344e+02, 1.7942506408691406e+02,
       -2.7886506915092468e-01 ]
objectPoints: !!opencv-matrix
   rows: 10
   cols: 1
   dt: "3f"
   data: [ 2.31697416e+00, 2.69999981e+00, 0., 3.62799978e+00,
       9.37990248e-01, 0., 0., 2.76508558e-08, -4.63904381e-01,
       3.62799978e+00, 2.76508558e-08, -4.63904381e-01, 3.35205674e+00,
       2.69999981e+00, 0., 0., 9.11015832e-08, -1.52843094e+00,
       3.62799978e+00, 9.37990308e-01, -4.63904381e-01, 2.31697416e+00,
       2.69999981e+00, -4.63904381e-01, 0., 1.29143333e+00,
       -1.72090340e+00, 3.35205674e+00, 2.69999981e+00, -4.63904381e-01 ]
imagePoints: !!opencv-matrix
   rows: 10
   cols: 1
   dt: "2f"
   data: [ 6.55408997e+02, 8.22052002e+01, 3.70495880e+02,
       5.85815430e+02, 1.30140747e+03, 8.58242126e+02, 3.67560242e+02,
       8.56018005e+02, 3.25890778e+02, 7.89631577e+01, 1.40947900e+03,
       1.09283191e+03, 3.03296478e+02, 6.41979675e+02, 6.12154846e+02,
       7.96393661e+01, 1.55425146e+03, 7.71376770e+02, 2.34249283e+02,
       7.59134903e+01 ]
