%YAML:1.0
cameraMatrix: !!opencv-matrix
   rows: 3
   cols: 3
   dt: d
   data: [ 1.3130977533298465e+03, 0., 1.3360595498659388e+03, 0.,
       1.3130977533298465e+03, 1.5639196923602856e+02, 0., 0., 1. ]
focalLength: 1.3130977533298465e+03
fov: [ 7.2340747447451378e+01, 4.9114616383006300e+01 ]
sensorSize: [ 0., 0. ]
principalPoint: [ 1.3360595498659388e+03, 1.5639196923602856e+02 ]
imageSize: [ 1920, 1200 ]
translationVector: !!opencv-matrix
   rows: 3
   cols: 1
   dt: d
   data: [ 1.0625467928521533e+00, 2.2441516649946229e+00,
       4.1663692429707080e+00 ]
rotationVector: !!opencv-matrix
   rows: 3
   cols: 1
   dt: d
   data: [ 3.7296728046193683e-01, 8.8399160799457241e-02,
       -2.9782938476277696e+00 ]
rotationMatrix: !!opencv-matrix
   rows: 3
   cols: 3
   dt: d
   data: [ -9.5968660270938289e-01, 1.4443688551117898e-01,
       -2.4112156826786280e-01, -1.2988169231031796e-01,
       -9.8866680073835522e-01, -7.5290790408875360e-02,
       -2.4926365676273576e-01, -4.0938285523649906e-02,
       9.6756999033437008e-01 ]
rotationAngleRadians: 3.0028575135598170e+00
rotationAngleDegrees: 1.7205105590820312e+02
rotationAxis: !!opencv-matrix
   rows: 3
   cols: 1
   dt: d
   data: [ 1.2420412183320442e-01, 2.9438346774789893e-02,
       -9.9181990293541178e-01 ]
euler: !!opencv-matrix
   rows: 3
   cols: 1
   dt: d
   data: [ 1.7564511108398438e+02, 1.6544003295898438e+02,
       -7.4627594947814941e+00 ]
objectPoints: !!opencv-matrix
   rows: 8
   cols: 1
   dt: "3f"
   data: [ 1.84684724e-01, 1.28032267e+00, 7.19501749e-02,
       3.67478657e+00, 2.17707705e+00, 8.95157516e-01, 6.13711655e-01,
       2.20528960e-01, -1.48110867e+00, 2.72167706e+00, 2.33542991e+00,
       5.23805797e-01, 8.24632764e-01, 1.28032279e+00, -1.57053709e+00,
       1.01974773e+00, -8.81238580e-02, -1.04926467e+00, 3.64047933e+00,
       3.69500011e-01, 8.81790638e-01, 3.88446957e-01, 2.69292259e+00,
       1.51340336e-01 ]
imagePoints: !!opencv-matrix
   rows: 8
   cols: 1
   dt: "2f"
   data: [ 1.67058716e+03, 4.57364319e+02, 5.66367798e+02,
       2.67425537e+00, 1.77339478e+03, 1.19394971e+03, 8.85680359e+02,
       3.46118164e+00, 1.79506421e+03, 6.96178284e+02, 1.48338892e+03,
       1.17496582e+03, 5.12775085e+02, 5.81266663e+02, 1.66832153e+03,
       5.29266357e-01 ]
