%YAML:1.0
cameraMatrix: !!opencv-matrix
   rows: 3
   cols: 3
   dt: d
   data: [ 1.2824976203132007e+03, 0., 1.3487426213208787e+03, 0.,
       1.2824976203132007e+03, 1.5588223611728512e+02, 0., 0., 1. ]
focalLength: 1.2824976203132007e+03
fov: [ 7.3632601860160122e+01, 5.0143876430678496e+01 ]
sensorSize: [ 0., 0. ]
principalPoint: [ 1.3487426213208787e+03, 1.5588223611728512e+02 ]
imageSize: [ 1920, 1200 ]
translationVector: !!opencv-matrix
   rows: 3
   cols: 1
   dt: d
   data: [ 1.0300558494423919e+00, 2.2535734809057271e+00,
       4.0537784763325089e+00 ]
rotationVector: !!opencv-matrix
   rows: 3
   cols: 1
   dt: d
   data: [ 3.7685141431471475e-01, 7.5694435098629123e-02,
       -2.9792925946121764e+00 ]
rotationMatrix: !!opencv-matrix
   rows: 3
   cols: 3
   dt: d
   data: [ -9.5922024534697703e-01, 1.4233766961942143e-01,
       -2.4420587364721125e-01, -1.2975302972313182e-01,
       -9.8928323821653985e-01, -6.6953908485353181e-02,
       -2.5111884077892949e-01, -3.2537092542349544e-02,
       9.6740925435657110e-01 ]
rotationAngleRadians: 3.0039858522115006e+00
rotationAngleDegrees: 1.7211570739746094e+02
rotationAxis: !!opencv-matrix
   rows: 3
   cols: 1
   dt: d
   data: [ 1.2545046243719191e-01, 2.5197999865047210e-02,
       -9.9177983558705995e-01 ]
euler: !!opencv-matrix
   rows: 3
   cols: 1
   dt: d
   data: [ 1.7612817382812500e+02, 1.6532951354980469e+02,
       -7.4553198814392090e+00 ]
objectPoints: !!opencv-matrix
   rows: 8
   cols: 1
   dt: "3f"
   data: [ 1.84684724e-01, 1.28032267e+00, 7.19501749e-02,
       3.67478657e+00, 2.17707705e+00, 8.95157516e-01, 6.13711655e-01,
       2.20528960e-01, -1.48110867e+00, 2.72167706e+00, 2.33542991e+00,
       5.23805797e-01, 8.24632764e-01, 1.28032279e+00, -1.57053709e+00,
       1.01974773e+00, -8.81238580e-02, -1.04926467e+00, 3.64047933e+00,
       3.69500011e-01, 8.81790638e-01, 3.88446957e-01, 2.69292259e+00,
       1.51340336e-01 ]
imagePoints: !!opencv-matrix
   rows: 8
   cols: 1
   dt: "2f"
   data: [ 1.66958716e+03, 4.59364319e+02, 5.58367798e+02,
       2.67425537e+00, 1.77339478e+03, 1.19394971e+03, 8.86680359e+02,
       7.46118164e+00, 1.79606421e+03, 6.97178284e+02, 1.48338892e+03,
       1.17496582e+03, 5.11775085e+02, 5.81266663e+02, 1.66832153e+03,
       5.29266357e-01 ]
