%YAML:1.0
cameraMatrix: !!opencv-matrix
   rows: 3
   cols: 3
   dt: d
   data: [ 1.0392302926419152e+03, 0., 9.5999209377505747e+02, 0.,
       1.0392302926419152e+03, 5.9999926443846971e+02, 0., 0., 1. ]
focalLength: 1.0392302926419152e+03
fov: [ 8.5461066123585510e+01, 6.0000009162523234e+01 ]
sensorSize: [ 0., 0. ]
principalPoint: [ 9.5999209377505747e+02, 5.9999926443846971e+02 ]
imageSize: [ 1920, 1200 ]
translationVector: !!opencv-matrix
   rows: 3
   cols: 1
   dt: d
   data: [ 1.6406140094957249e+00, 8.7382313657405564e-01,
       4.0648157451293088e+00 ]
rotationVector: !!opencv-matrix
   rows: 3
   cols: 1
   dt: d
   data: [ 4.3127409537464645e-01, 7.6684893131717824e-01,
       -2.9249796881159678e+00 ]
rotationMatrix: !!opencv-matrix
   rows: 3
   cols: 3
   dt: d
   data: [ -9.5640698719287265e-01, 1.5412313862623273e-01,
       -2.4805590698197741e-01, -1.2596918716396496e-02,
       -8.7038003766634220e-01, -4.9221936945917638e-01,
       -2.9176530377600568e-01, -4.6763730408505239e-01,
       8.3437902618687609e-01 ]
rotationAngleRadians: 3.0544329759702538e+00
rotationAngleDegrees: 1.7500611877441406e+02
rotationAxis: !!opencv-matrix
   rows: 3
   cols: 1
   dt: d
   data: [ 1.4119612339427759e-01, 2.5106097837147184e-01,
       -9.5761789868276137e-01 ]
euler: !!opencv-matrix
   rows: 3
   cols: 1
   dt: d
   data: [ 1.5051086425781250e+02, 1.6303494262695312e+02,
       -7.2177457809448242e-01 ]
objectPoints: !!opencv-matrix
   rows: 12
   cols: 1
   dt: "3f"
   data: [ 2.68784523e+00, -1.62280276e-01, 5.10624230e-01,
       3.47433233e+00, 3.71488839e-01, 1.35366678e+00, 2.69744039e+00,
       -3.95576626e-01, 1.15331888e-01, 2.51847219e+00, 2.31373477e+00,
       9.81243551e-01, 1.84032917e-01, 1.27580392e+00, 7.16962144e-02,
       3.65585184e+00, 3.71488839e-01, 8.87780130e-01, 3.65310144e+00,
       2.15538192e+00, 8.86708677e-01, 2.56246018e+00, -3.95576656e-01,
       4.61771458e-01, 2.69999170e+00, 2.31373477e+00, 5.15356839e-01,
       3.65486234e-01, 1.27534568e+00, -3.94216299e-01, 3.52220464e+00,
       -5.55032015e-01, 8.35708320e-01, 8.21825802e-01, 1.27534580e+00,
       -1.56545496e+00 ]
imagePoints: !!opencv-matrix
   rows: 12
   cols: 1
   dt: "2f"
   data: [ 6.62791016e+02, 8.00527222e+02, 4.51435669e+02,
       5.58610107e+02, 6.59578247e+02, 9.29193237e+02, 7.38074097e+02,
       3.92647514e+01, 1.45157385e+03, 5.17975769e+02, 3.71512177e+02,
       6.19661072e+02, 2.97455811e+02, 3.50167389e+01, 6.96497620e+02,
       8.56248535e+02, 6.77756897e+02, 3.47958679e+01, 1.50324194e+03,
       5.83971436e+02, 4.34159363e+02, 8.34487305e+02, 1.73814221e+03,
       8.83249756e+02 ]
