%YAML:1.0
cameraMatrix: !!opencv-matrix
   rows: 3
   cols: 3
   dt: d
   data: [ 5.6605299253381384e+02, 0., 6.7343335480327801e+02, 0.,
       5.6605299253381384e+02, 4.0718465695437658e+02, 0., 0., 1. ]
focalLength: 5.6605299253381384e+02
fov: [ 9.7017194416532604e+01, 6.4911322097820232e+01 ]
sensorSize: [ 0., 0. ]
principalPoint: [ 6.7343335480327801e+02, 4.0718465695437658e+02 ]
imageSize: [ 1280, 720 ]
translationVector: !!opencv-matrix
   rows: 3
   cols: 1
   dt: d
   data: [ -7.2770555325295416e-01, -7.2198063952073777e-01,
       9.3469674538898904e+00 ]
rotationVector: !!opencv-matrix
   rows: 3
   cols: 1
   dt: d
   data: [ -1.3341604453538496e+00, -1.2941766845276543e+00,
       2.3459492471585777e+00 ]
rotationMatrix: !!opencv-matrix
   rows: 3
   cols: 3
   dt: d
   data: [ -5.9378519487943615e-01, 2.6735993290235799e-01,
       -7.5890566516559665e-01, 4.9935779682289444e-01,
       -6.1711808787927591e-01, -6.0811763365685356e-01,
       -6.3092070269898015e-01, -7.4005670856406203e-01,
       2.3292731702218283e-01 ]
rotationAngleRadians: 2.9930511614347108e+00
rotationAngleDegrees: 1.7148919677734375e+02
rotationAxis: !!opencv-matrix
   rows: 3
   cols: 1
   dt: d
   data: [ -4.4575263615417904e-01, -4.3239377301766346e-01,
       7.8379857898387995e-01 ]
euler: !!opencv-matrix
   rows: 3
   cols: 1
   dt: d
   data: [ 1.3542088317871094e+02, 1.3326319885253906e+02,
       2.9957523345947266e+01 ]
objectPoints: !!opencv-matrix
   rows: 10
   cols: 1
   dt: "3f"
   data: [ 2.68300295e+00, 2.51569659e-01, -4.63904381e-01, 0.,
       1.29143322e+00, -4.63904381e-01, 3.62799978e+00, 9.37990248e-01,
       0., 2.58554435e+00, 2.76508558e-08, -4.63904381e-01, 0.,
       2.76508558e-08, -4.63904381e-01, 3.62799978e+00, 2.76508558e-08,
       -4.63904381e-01, 0., 1.29143322e+00, 0., 0., 9.11015832e-08,
       -1.52843094e+00, 3.62799978e+00, 9.37990308e-01, -4.63904381e-01,
       2.31697416e+00, 2.69999981e+00, -4.63904381e-01 ]
imagePoints: !!opencv-matrix
   rows: 10
   cols: 1
   dt: "2f"
   data: [ 5.10637756e+02, 4.67316589e+02, 6.61097290e+02,
       3.22675293e+02, 4.17636719e+02, 4.58184906e+02, 5.20345703e+02,
       4.72529205e+02, 6.58916565e+02, 3.77800079e+02, 4.53493805e+02,
       5.16725525e+02, 640., 3.04235382e+02, 7.05750671e+02,
       4.21870178e+02, 4.35478668e+02, 4.83955536e+02, 5.73548584e+02,
       3.08211243e+02 ]
