%YAML:1.0
cameraMatrix: !!opencv-matrix
   rows: 3
   cols: 3
   dt: d
   data: [ 1.0392303526539336e+03, 0., 9.5999894892835346e+02, 0.,
       1.0392303526539336e+03, 6.0000071842390025e+02, 0., 0., 1. ]
focalLength: 1.0392303526539336e+03
fov: [ 8.5461062825325598e+01, 6.0000006297159757e+01 ]
sensorSize: [ 0., 0. ]
principalPoint: [ 9.5999894892835346e+02, 6.0000071842390025e+02 ]
imageSize: [ 1920, 1200 ]
translationVector: !!opencv-matrix
   rows: 3
   cols: 1
   dt: d
   data: [ 1.7175811125236495e+00, 1.0736650357039874e+00,
       3.8607643444157285e+00 ]
rotationVector: !!opencv-matrix
   rows: 3
   cols: 1
   dt: d
   data: [ -1.6333323221827019e-02, 3.6502475405316670e-01,
       -3.1190460617994304e+00 ]
rotationMatrix: !!opencv-matrix
   rows: 3
   cols: 3
   dt: d
   data: [ -9.9994515694207775e-01, -2.0200066650410617e-07,
       1.0472970354331198e-02, -2.4180054069869190e-03,
       -9.7297764361662453e-01, -2.3088667842058919e-01,
       1.0190012656286863e-02, -2.3089933958805509e-01,
       9.7292428205891990e-01 ]
rotationAngleRadians: 3.1403754845791259e+00
rotationAngleDegrees: 1.7993025207519531e+02
rotationAxis: !!opencv-matrix
   rows: 3
   cols: 1
   dt: d
   data: [ -5.2010733436278931e-03, 1.1623602204437901e-01,
       -9.9320800239193241e-01 ]
euler: !!opencv-matrix
   rows: 3
   cols: 1
   dt: d
   data: [ 1.6665068054199219e+02, -1.7941615295410156e+02,
       -1.3854782283306122e-01 ]
objectPoints: !!opencv-matrix
   rows: 10
   cols: 1
   dt: "3f"
   data: [ 0., 1.29143322e+00, -4.63904381e-01, 2.68300295e+00,
       2.51569688e-01, -8.36591721e-01, 2.31697416e+00, 2.69999981e+00,
       0., 3.62799978e+00, 9.37990248e-01, 0., 2.58554435e+00,
       2.76508558e-08, -4.63904381e-01, 3.62799978e+00, 2.76508558e-08,
       -4.63904381e-01, 0., 1.29143322e+00, 0., 3.62799978e+00,
       9.37990308e-01, -4.63904381e-01, 0., 1.29143333e+00,
       -1.72090340e+00, 2.58554435e+00, 4.98122574e-08, -8.35711002e-01 ]
imagePoints: !!opencv-matrix
   rows: 10
   cols: 1
   dt: "2f"
   data: [ 1.53209180e+03, 5.74694580e+02, 6.24381226e+02,
       9.49927307e+02, 7.69018738e+02, 1.03170776e+02, 4.20722229e+02,
       6.42982361e+02, 6.96035828e+02, 9.55263367e+02, 3.82522552e+02,
       9.53408447e+02, 1.46103040e+03, 5.46656006e+02, 3.43798645e+02,
       6.83452515e+02, 1.89537134e+03, 7.18033203e+02, 6.63657166e+02,
       1.02609082e+03 ]
