%YAML:1.0
cameraMatrix: !!opencv-matrix
   rows: 3
   cols: 3
   dt: d
   data: [ 4.5989770013974555e+02, 0., 5.9127980405967230e+02, 0.,
       4.5989770013974555e+02, 2.7099408334246516e+02, 0., 0., 1. ]
focalLength: 4.5989770013974555e+02
fov: [ 1.0859869559006950e+02, 7.6106455386853753e+01 ]
principalPoint: [ 5.9127980405967230e+02, 2.7099408334246516e+02 ]
imageSize: [ 1280, 720 ]
translationVector: !!opencv-matrix
   rows: 3
   cols: 1
   dt: d
   data: [ 1.6548461414811151e+00, 1.9336864080585316e+00,
       7.9102830037863328e+00 ]
rotationVector: !!opencv-matrix
   rows: 3
   cols: 1
   dt: d
   data: [ -8.9727938462419687e-01, -2.5675550390984586e-01,
       2.8635235227552029e+00 ]
rotationMatrix: !!opencv-matrix
   rows: 3
   cols: 3
   dt: d
   data: [ -8.1481568772128432e-01, -7.2496603897463013e-02,
       -5.7516922506913126e-01, 1.7366173306491448e-01,
       -9.7711162845799182e-01, -1.2285954582799682e-01,
       -5.5309763831730552e-01, -1.9999276975807304e-01,
       8.0875576939661731e-01 ]
rotationAngleRadians: 3.0117769917827486e+00
rotationAngleDegrees: 1.7256210327148438e+02
rotationAxis: !!opencv-matrix
   rows: 3
   cols: 1
   dt: d
   data: [ -2.9792358035548777e-01, -8.5250503144944229e-02,
       9.5077541616393368e-01 ]
euler: !!opencv-matrix
   rows: 3
   cols: 1
   dt: d
   data: [ 1.7283338928222656e+02, 1.4583129882812500e+02,
       1.0000792503356934e+01 ]
objectPoints: !!opencv-matrix
   rows: 7
   cols: 1
   dt: "3f"
   data: [ 1.74797392e+00, 2.57914424e+00, -2.18718147e+00,
       1.51010013e+00, 2.09319751e-07, -3.51180220e+00, 3.62799978e+00,
       7.27772687e-08, -1.22099984e+00, 1.58299994e+00, 2.70000005e+00,
       -4.01099968e+00, 0., 2.70000005e+00, -5.49299908e+00,
       3.19691801e+00, 1.05579245e+00, -4.63904858e-01, -8.86215210e-01,
       8.89944851e-01, -6.24475574e+00 ]
imagePoints: !!opencv-matrix
   rows: 7
   cols: 1
   dt: "2f"
   data: [ 7.07856018e+02, 2.66915771e+02, 8.07226624e+02,
       5.24581787e+02, 5.21007751e+02, 5.28753113e+02, 9.04208923e+02,
       2.74640778e+02, 1.12355371e+03, 2.46253723e+02, 5.39535889e+02,
       3.89670624e+02, 1.16322754e+03, 4.21463501e+02 ]
