%YAML:1.0
cameraMatrix: !!opencv-matrix
   rows: 3
   cols: 3
   dt: d
   data: [ 3.3909988563005862e+02, 0., 5.8030610987663977e+02, 0.,
       3.3909988563005862e+02, 2.8900629918722035e+02, 0., 0., 1. ]
focalLength: 3.3909988563005862e+02
fov: [ 1.2416681586145448e+02, 9.3424780368273190e+01 ]
sensorSize: [ 0., 0. ]
principalPoint: [ 5.8030610987663977e+02, 2.8900629918722035e+02 ]
imageSize: [ 1280, 720 ]
translationVector: !!opencv-matrix
   rows: 3
   cols: 1
   dt: d
   data: [ 1.2536798732379066e+00, 1.0190396023979209e+00,
       6.9896921777554910e+00 ]
rotationVector: !!opencv-matrix
   rows: 3
   cols: 1
   dt: d
   data: [ -1.0580139510346502e+00, -6.4830366887726265e-01,
       2.6321402879256346e+00 ]
rotationMatrix: !!opencv-matrix
   rows: 3
   cols: 3
   dt: d
   data: [ -7.1243632662020706e-01, -4.7810965767391661e-02,
       -7.0010612914349990e-01, 3.6749280014814600e-01,
       -8.7534898401781325e-01, -3.1418656562344793e-01,
       -5.9781562571680957e-01, -4.8112188448601212e-01,
       6.4120060037202742e-01 ]
rotationAngleRadians: 2.9099576737445707e+00
rotationAngleDegrees: 1.6672828674316406e+02
rotationAxis: !!opencv-matrix
   rows: 3
   cols: 1
   dt: d
   data: [ -3.6358396569843726e-01, -2.2278800641214044e-01,
       9.0452871932620349e-01 ]
euler: !!opencv-matrix
   rows: 3
   cols: 1
   dt: d
   data: [ 1.6025556945800781e+02, 1.3999951171875000e+02,
       2.1561077117919922e+01 ]
objectPoints: !!opencv-matrix
   rows: 6
   cols: 1
   dt: "3f"
   data: [ 0., 1.29143322e+00, -4.63904381e-01, 2.68300295e+00,
       2.51569688e-01, -8.36591721e-01, 3.62799978e+00, 2.76508558e-08,
       -4.63904381e-01, 0., 1.29143322e+00, 0., 3.62799978e+00,
       9.37990308e-01, -4.63904381e-01, 2.31697416e+00, 2.69999981e+00,
       -4.63904381e-01 ]
imagePoints: !!opencv-matrix
   rows: 6
   cols: 1
   dt: "2f"
   data: [ 6.71477722e+02, 2.96604004e+02, 5.79660400e+02,
       4.60911316e+02, 5.07672363e+02, 5.14321594e+02, 6.46449341e+02,
       2.82580475e+02, 4.94769928e+02, 4.49444336e+02, 5.63762756e+02,
       2.60734009e+02 ]
