%YAML:1.0
cameraMatrix: !!opencv-matrix
   rows: 3
   cols: 3
   dt: d
   data: [ 1.2866614468493844e+03, 0., 8.8301358236044655e+02, 0.,
       1.3078024445586643e+03, 1.3404335192696854e+02, 0., 0., 1. ]
focalLength: 1.2866614468493844e+03
fov: [ 7.3454491558556143e+01, 4.9289883873006595e+01 ]
sensorSize: [ 0., 0. ]
principalPoint: [ 8.8301358236044655e+02, 1.3187650309760383e+02 ]
imageSize: [ 1920, 1200 ]
translationVector: !!opencv-matrix
   rows: 3
   cols: 1
   dt: d
   data: [ -2.0101070825296330e+00, 2.4265791438243656e+00,
       3.0132393059046882e+00 ]
rotationVector: !!opencv-matrix
   rows: 3
   cols: 1
   dt: d
   data: [ 2.5248817146182891e+00, -1.0971904446426552e-01,
       -1.6924746060018314e+00 ]
rotationMatrix: !!opencv-matrix
   rows: 3
   cols: 3
   dt: d
   data: [ 3.7970751757545917e-01, -4.2103208776142417e-03,
       -9.2509700804552941e-01, -1.1526656558532528e-01,
       -9.9241233183516919e-01, -4.2794654802274353e-02,
       -9.1789749969963785e-01, 1.2288220709113848e-01,
       -3.7731173215997937e-01 ]
rotationAngleRadians: 3.0416338098944449e+00
rotationAngleDegrees: 1.7427278137207031e+02
rotationAxis: !!opencv-matrix
   rows: 3
   cols: 1
   dt: d
   data: [ 8.3010706496121933e-01, -3.6072404280669518e-02,
       -5.5643601820054933e-01 ]
euler: !!opencv-matrix
   rows: 3
   cols: 1
   dt: d
   data: [ 1.7753083801269531e+02, 6.7526542663574219e+01,
       -6.6189994812011719e+00 ]
objectPoints: !!opencv-matrix
   rows: 19
   cols: 1
   dt: "3f"
   data: [ 1.27914488e+00, 3.32614945e-05, -3.28303361e+00,
       1.22965062e+00, -1.24236988e-02, -2.93494296e+00, 1.20020032e+00,
       -1.24237034e-02, -2.85935569e+00, 1.11073482e+00, 9.03629407e-05,
       -2.85076571e+00, 1.84684724e-01, 1.28032267e+00, 7.19501749e-02,
       1.68258548e+00, 2.41303611e+00, -3.17003679e+00, 1.51830709e+00,
       2.41249800e+00, -2.74856448e+00, 1.38337696e+00, -1.23913409e-02,
       -3.32948208e+00, 1.53326380e+00, 2.41254711e+00, -2.78693128e+00,
       1.62811184e+00, 2.41918206e+00, -3.14706874e+00, 6.13711655e-01,
       2.20528960e-01, -1.48110867e+00, 8.24632764e-01, 1.28032279e+00,
       -1.57053709e+00, 1.32342851e+00, 9.73167946e-04, -3.39629126e+00,
       1.46413517e+00, 2.37677932e+00, -2.74432611e+00, 1.64577460e+00,
       2.37758398e+00, -3.21024203e+00, 1.66757727e+00, 2.41262507e+00,
       -3.13169217e+00, 1.47881830e+00, 2.41896200e+00, -2.76392102e+00,
       1.35392725e+00, -1.23913456e-02, -3.25389671e+00, 3.88446957e-01,
       2.69292259e+00, 1.51340336e-01 ]
imagePoints: !!opencv-matrix
   rows: 19
   cols: 1
   dt: "2f"
   data: [ 1.51372363e+03, 1.16288867e+03, 1.38633386e+03,
       1.19456616e+03, 1.35139539e+03, 1.19441919e+03, 1.31881738e+03,
       1.16748071e+03, 7.49108887e+00, 6.25656738e+02, 1.55896912e+03,
       1.22972534e+02, 1.36158142e+03, 1.23046692e+02, 1.56754602e+03,
       1.18985522e+03, 1.37871460e+03, 1.22792633e+02, 1.52934558e+03,
       1.22736511e+02, 7.20723816e+02, 1.08516541e+03, 7.74607849e+02,
       6.23701965e+02, 1.56550439e+03, 1.15953552e+03, 1.34389197e+03,
       1.39283264e+02, 1.55922900e+03, 1.39465149e+02, 1.53947632e+03,
       1.22617798e+02, 1.35325867e+03, 1.22571228e+02, 1.53472009e+03,
       1.19012390e+03, 9.88159180e-02, 6.07441711e+00 ]
