%YAML:1.0
cameraMatrix: !!opencv-matrix
   rows: 3
   cols: 3
   dt: d
   data: [ 1.0392281248844263e+03, 0., 9.5999985894464157e+02, 0.,
       1.0392281248844263e+03, 5.9999965535589149e+02, 0., 0., 1. ]
focalLength: 1.0392281248844263e+03
fov: [ 8.5461185263652325e+01, 6.0000112665509768e+01 ]
sensorSize: [ 0., 0. ]
principalPoint: [ 9.5999985894464157e+02, 5.9999965535589149e+02 ]
imageSize: [ 1920, 1200 ]
translationVector: !!opencv-matrix
   rows: 3
   cols: 1
   dt: d
   data: [ -2.0490244041764711e+00, 1.4222140221117494e+00,
       3.4419718686627299e+00 ]
rotationVector: !!opencv-matrix
   rows: 3
   cols: 1
   dt: d
   data: [ -2.5090546538520599e+00, -1.5350394737774453e-01,
       1.6015242609485938e+00 ]
rotationMatrix: !!opencv-matrix
   rows: 3
   cols: 3
   dt: d
   data: [ 4.2103568648348610e-01, 1.0606234855659036e-07,
       -9.0704407318904201e-01, 1.7229493742156543e-01,
       -9.8179336598499201e-01, 7.9976503091585702e-02,
       -8.9052984523051115e-01, -1.8995206371042223e-01,
       -4.1337006210642957e-01 ]
rotationAngleRadians: 2.9805701931483126e+00
rotationAngleDegrees: 1.7077409362792969e+02
rotationAxis: !!opencv-matrix
   rows: 3
   cols: 1
   dt: d
   data: [ -8.4180357826158059e-01, -5.1501537434218786e-02,
       5.3732143756592354e-01 ]
euler: !!opencv-matrix
   rows: 3
   cols: 1
   dt: d
   data: [ -1.7534298706054688e+02, 6.4695579528808594e+01,
       9.9212760925292969e+00 ]
objectPoints: !!opencv-matrix
   rows: 13
   cols: 1
   dt: "3f"
   data: [ 1.84032917e-01, 1.27580392e+00, 7.16962144e-02,
       6.10904694e-01, 2.15552017e-01, -1.47602654e+00, 1.24606407e+00,
       4.30178136e-01, -3.01470184e+00, 1.30084026e+00, 4.30178136e-01,
       -3.15528989e+00, 3.65486234e-01, 1.27534568e+00, -3.94216299e-01,
       1.22119749e+00, -1.19199548e-02, -2.92221022e+00, 1.22273755e+00,
       -1.23429997e-02, -2.91863537e+00, 1.64934111e+00, 2.39621377e+00,
       -3.21138716e+00, 1.46484613e+00, 2.39640188e+00, -2.73778296e+00,
       8.21825802e-01, 1.27534580e+00, -1.56545496e+00, 1.37564206e+00,
       -1.20400237e-02, -3.31647015e+00, 1.37646234e+00, -1.24181341e-02,
       -3.31184769e+00, 1.10542679e+00, 7.24009737e-07, -2.83718014e+00 ]
imagePoints: !!opencv-matrix
   rows: 13
   cols: 1
   dt: "2f"
   data: [ 2.55945404e+02, 6.71588501e+02, 8.24222229e+02,
       9.59022034e+02, 1.31962964e+03, 8.89305054e+02, 1.36330542e+03,
       8.87999451e+02, 4.33894562e+02, 6.68957031e+02, 1.28527026e+03,
       1.01124329e+03, 1.28476636e+03, 1.01184497e+03, 1.52910876e+03,
       2.70196075e+02, 1.34814771e+03, 2.68683685e+02, 8.65561035e+02,
       6.62215454e+02, 1.40530347e+03, 1.00693634e+03, 1.40450781e+03,
       1.00748334e+03, 1.24335376e+03, 9.96689148e+02 ]
