%YAML:1.0
cameraMatrix: !!opencv-matrix
   rows: 3
   cols: 3
   dt: d
   data: [ 1.3247360021844834e+03, 0., 8.3547863047917235e+02, 0.,
       1.3432379924892537e+03, 1.2632869538074573e+02, 0., 0., 1. ]
focalLength: 1.3247360021844834e+03
fov: [ 7.1859635137097300e+01, 4.8138894849498818e+01 ]
sensorSize: [ 0., 0. ]
principalPoint: [ 8.3547863047917235e+02, 1.2458862228110287e+02 ]
imageSize: [ 1920, 1200 ]
translationVector: !!opencv-matrix
   rows: 3
   cols: 1
   dt: d
   data: [ -1.9011401551073475e+00, 2.4478199427817868e+00,
       3.1017817575179385e+00 ]
rotationVector: !!opencv-matrix
   rows: 3
   cols: 1
   dt: d
   data: [ 2.5236352672848432e+00, -1.1062577837013639e-01,
       -1.6945638928213840e+00 ]
rotationMatrix: !!opencv-matrix
   rows: 3
   cols: 3
   dt: d
   data: [ 3.7819953467478240e-01, -4.6923910148358242e-03,
       -9.2571220875515181e-01, -1.1570057388379418e-01,
       -9.9238562889313608e-01, -4.2239090536320294e-02,
       -9.1846529013062794e-01, 1.2308023819012809e-01,
       -3.7586269539862927e-01 ]
rotationAngleRadians: 3.0417954914783150e+00
rotationAngleDegrees: 1.7428204345703125e+02
rotationAxis: !!opencv-matrix
   rows: 3
   cols: 1
   dt: d
   data: [ 8.2965316845096460e-01, -3.6368578584608319e-02,
       -5.5709330149536929e-01 ]
euler: !!opencv-matrix
   rows: 3
   cols: 1
   dt: d
   data: [ 1.7756277465820312e+02, 6.7619445800781250e+01,
       -6.6440353393554688e+00 ]
objectPoints: !!opencv-matrix
   rows: 19
   cols: 1
   dt: "3f"
   data: [ 1.27914488e+00, 3.32614945e-05, -3.28303361e+00,
       1.22965062e+00, -1.24236988e-02, -2.93494296e+00, 1.20020032e+00,
       -1.24237034e-02, -2.85935569e+00, 1.11073482e+00, 9.03629407e-05,
       -2.85076571e+00, 1.84684724e-01, 1.28032267e+00, 7.19501749e-02,
       1.68258548e+00, 2.41303611e+00, -3.17003679e+00, 1.51830709e+00,
       2.41249800e+00, -2.74856448e+00, 1.38337696e+00, -1.23913409e-02,
       -3.32948208e+00, 1.53326380e+00, 2.41254711e+00, -2.78693128e+00,
       1.62811184e+00, 2.41918206e+00, -3.14706874e+00, 6.13711655e-01,
       2.20528960e-01, -1.48110867e+00, 8.24632764e-01, 1.28032279e+00,
       -1.57053709e+00, 1.32342851e+00, 9.73167946e-04, -3.39629126e+00,
       1.46413517e+00, 2.37677932e+00, -2.74432611e+00, 1.64577460e+00,
       2.37758398e+00, -3.21024203e+00, 1.66757727e+00, 2.41262507e+00,
       -3.13169217e+00, 1.47881830e+00, 2.41896200e+00, -2.76392102e+00,
       1.35392725e+00, -1.23913456e-02, -3.25389671e+00, 3.88446957e-01,
       2.69292259e+00, 1.51340336e-01 ]
imagePoints: !!opencv-matrix
   rows: 19
   cols: 1
   dt: "2f"
   data: [ 1.50672363e+03, 1.16988867e+03, 1.38633386e+03,
       1.19456616e+03, 1.35139539e+03, 1.19441919e+03, 1.31881738e+03,
       1.16748071e+03, -3.50891113e+00, 6.23656738e+02, 1.55896912e+03,
       1.22972534e+02, 1.36158142e+03, 1.23046692e+02, 1.56754602e+03,
       1.18985522e+03, 1.37871460e+03, 1.22792633e+02, 1.52934558e+03,
       1.22736511e+02, 7.33212097e+02, 1.08048181e+03, 7.70549255e+02,
       6.22498840e+02, 1.56550439e+03, 1.15953552e+03, 1.34389197e+03,
       1.39283264e+02, 1.55922900e+03, 1.39465149e+02, 1.53947632e+03,
       1.22617798e+02, 1.35325867e+03, 1.22571228e+02, 1.53472009e+03,
       1.19012390e+03, 4.09100342e+00, 1.46798859e+01 ]
