%YAML:1.0
cameraMatrix: !!opencv-matrix
   rows: 3
   cols: 3
   dt: d
   data: [ 1.4294622365054458e+03, 0., 7.4579055686562299e+02, 0.,
       1.4519012649393317e+03, 1.2709704630868032e+02, 0., 0., 1. ]
focalLength: 1.4294622365054458e+03
fov: [ 6.7769135984248081e+01, 4.4905843349972479e+01 ]
sensorSize: [ 0., 0. ]
principalPoint: [ 7.4579055686562299e+02, 1.2513277070340868e+02 ]
imageSize: [ 1920, 1200 ]
translationVector: !!opencv-matrix
   rows: 3
   cols: 1
   dt: d
   data: [ -1.6911683681150431e+00, 2.4492444734752881e+00,
       3.3341424750357844e+00 ]
rotationVector: !!opencv-matrix
   rows: 3
   cols: 1
   dt: d
   data: [ 2.5281433074426207e+00, -1.1155913285369519e-01,
       -1.6894164979239692e+00 ]
rotationMatrix: !!opencv-matrix
   rows: 3
   cols: 3
   dt: d
   data: [ 3.8225390863935382e-01, -5.9652386691294509e-03,
       -9.2403807565357210e-01, -1.1559281328139795e-01,
       -9.9243306977743684e-01, -4.1411393719905792e-02,
       -9.1679891516494949e-01, 1.2264182785556282e-01,
       -3.8005095870503758e-01 ]
rotationAngleRadians: 3.0427096684612667e+00
rotationAngleDegrees: 1.7433441162109375e+02
rotationAxis: !!opencv-matrix
   rows: 3
   cols: 1
   dt: d
   data: [ 8.3088548790826033e-01, -3.6664402788752409e-02,
       -5.5523420963733505e-01 ]
euler: !!opencv-matrix
   rows: 3
   cols: 1
   dt: d
   data: [ 1.7761059570312500e+02, 6.7366600036621094e+01,
       -6.6378231048583984e+00 ]
objectPoints: !!opencv-matrix
   rows: 16
   cols: 1
   dt: "3f"
   data: [ 1.68236995e+00, 2.41006804e+00, -3.17196608e+00,
       1.38301110e+00, -1.17643438e-02, -3.32962441e+00, 1.66714263e+00,
       2.41262126e+00, -3.13186097e+00, 3.88446957e-01, 2.69292259e+00,
       1.51340336e-01, 1.22921133e+00, -1.23100560e-02, -2.93511510e+00,
       1.35349441e+00, -1.23913204e-02, -3.25413418e+00, 6.13711655e-01,
       2.20528960e-01, -1.48110867e+00, 1.47874761e+00, 2.41871095e+00,
       -2.76394963e+00, 1.51781166e+00, 2.41222262e+00, -2.74875903e+00,
       8.24632764e-01, 1.28032279e+00, -1.57053709e+00, 1.84684724e-01,
       1.28032267e+00, 7.19501749e-02, 1.11071253e+00, -7.31634500e-04,
       -2.85105896e+00, 1.19970632e+00, -1.28535731e-02, -2.85962009e+00,
       1.53280067e+00, 2.41249847e+00, -2.78711224e+00, 1.62808871e+00,
       2.41910982e+00, -3.14707756e+00, 1.27871311e+00, 3.31080373e-05,
       -3.28327060e+00 ]
imagePoints: !!opencv-matrix
   rows: 16
   cols: 1
   dt: "2f"
   data: [ 1.55826904e+03, 1.23381653e+02, 1.56707935e+03,
       1.18899707e+03, 1.54013281e+03, 1.23305481e+02, 1.71258545e+00,
       7.16854858e+00, 1.38571313e+03, 1.19522888e+03, 1.53470605e+03,
       1.19191418e+03, 7.16004761e+02, 1.09081152e+03, 1.35367334e+03,
       1.24267242e+02, 1.36129529e+03, 1.23409760e+02, 7.69400818e+02,
       6.27014465e+02, 6.63519287e+00, 6.31896484e+02, 1.31909753e+03,
       1.16896704e+03, 1.35134131e+03, 1.19532837e+03, 1.37837939e+03,
       1.23753815e+02, 1.52896130e+03, 1.24052002e+02, 1.51345923e+03,
       1.16300439e+03 ]
