%YAML:1.0
cameraMatrix: !!opencv-matrix
   rows: 3
   cols: 3
   dt: d
   data: [ 1.2892990339410305e+03, 0., 7.9857931505843510e+02, 0.,
       1.2892990339410305e+03, 1.6362898434391587e+02, 0., 0., 1. ]
focalLength: 1.2892990339410305e+03
fov: [ 7.3342049672662469e+01, 4.9911631689645041e+01 ]
sensorSize: [ 0., 0. ]
principalPoint: [ 7.9857931505843510e+02, 1.6362898434391587e+02 ]
imageSize: [ 1920, 1200 ]
translationVector: !!opencv-matrix
   rows: 3
   cols: 1
   dt: d
   data: [ -1.8056569856285287e+00, 2.3728838231471574e+00,
       2.9844861843716903e+00 ]
rotationVector: !!opencv-matrix
   rows: 3
   cols: 1
   dt: d
   data: [ 2.4827895918541234e+00, -1.3595861111288884e-01,
       -1.7053938975614735e+00 ]
rotationMatrix: !!opencv-matrix
   rows: 3
   cols: 3
   dt: d
   data: [ 3.5867604196078795e-01, -2.6347427524797545e-03,
       -9.3345838421108573e-01, -1.4529420612659660e-01,
       -9.8796577138490294e-01, -5.3039874037139854e-02,
       -9.2208518618909863e-01, 1.5465022697190539e-01,
       -3.5474246532964326e-01 ]
rotationAngleRadians: 3.0151446478062747e+00
rotationAngleDegrees: 1.7275506591796875e+02
rotationAxis: !!opencv-matrix
   rows: 3
   cols: 1
   dt: d
   data: [ 8.2343962955824479e-01, -4.5091903372466088e-02,
       -5.6560931456547692e-01 ]
euler: !!opencv-matrix
   rows: 3
   cols: 1
   dt: d
   data: [ 1.7692697143554688e+02, 6.8744789123535156e+01,
       -8.3543195724487305e+00 ]
objectPoints: !!opencv-matrix
   rows: 14
   cols: 1
   dt: "3f"
   data: [ 1.46183789e+00, 2.37692904e+00, -2.73836613e+00,
       1.47652924e+00, 2.41903591e+00, -2.75811768e+00, 1.84684724e-01,
       1.28032267e+00, 7.19501749e-02, 1.27288127e+00, 3.31072079e-05,
       -3.26830244e+00, 1.62921989e+00, 2.41903591e+00, -3.15001249e+00,
       1.53054297e+00, 2.41254735e+00, -2.78129673e+00, 1.66827393e+00,
       2.41254735e+00, -3.13479614e+00, 1.10542679e+00, 7.24009737e-07,
       -2.83718014e+00, 1.68322337e+00, 2.41254735e+00, -3.17316556e+00,
       1.19438195e+00, -1.23913428e-02, -2.84575701e+00, 1.37711334e+00,
       -1.23913167e-02, -3.31475401e+00, 1.34766269e+00, -1.23913214e-02,
       -3.23916602e+00, 1.22380924e+00, -1.23913391e-02, -2.92128491e+00,
       3.88446957e-01, 2.69292259e+00, 1.51340336e-01 ]
imagePoints: !!opencv-matrix
   rows: 14
   cols: 1
   dt: "2f"
   data: [ 1.34236096e+03, 1.43119171e+02, 1.35138196e+03,
       1.26432831e+02, 3.56323242e+00, 6.29241943e+02, 1.51306750e+03,
       1.16670825e+03, 1.52867639e+03, 1.26136627e+02, 1.37739233e+03,
       1.25170441e+02, 1.53982874e+03, 1.24122253e+02, 1.31990332e+03,
       1.17100562e+03, 1.55741626e+03, 1.24341492e+02, 1.35184448e+03,
       1.19739050e+03, 1.56679175e+03, 1.19391199e+03, 1.53342554e+03,
       1.19540051e+03, 1.38439661e+03, 1.19764758e+03, 1.61584473e+00,
       9.36968994e+00 ]
