%YAML:1.0
cameraMatrix: !!opencv-matrix
   rows: 3
   cols: 3
   dt: d
   data: [ 1.0392301040746106e+03, 0., 9.6000224770777834e+02, 0.,
       1.0392301040746106e+03, 5.9999992566369099e+02, 0., 0., 1. ]
focalLength: 1.0392301040746106e+03
fov: [ 8.5461076487243943e+01, 6.0000018165952525e+01 ]
sensorSize: [ 0., 0. ]
principalPoint: [ 9.6000224770777834e+02, 5.9999992566369099e+02 ]
imageSize: [ 1920, 1200 ]
translationVector: !!opencv-matrix
   rows: 3
   cols: 1
   dt: d
   data: [ -2.4215521667832607e+00, 6.8227324724710159e-01,
       6.5920996055048624e+00 ]
rotationVector: !!opencv-matrix
   rows: 3
   cols: 1
   dt: d
   data: [ -1.9058042186579858e+00, -5.4558059493159428e-01,
       1.9058001084075358e+00 ]
rotationMatrix: !!opencv-matrix
   rows: 3
   cols: 3
   dt: d
   data: [ 1.8242665112966350e-06, 1.1612584821518723e-06,
       -9.9999999999766198e-01, 5.2917886396696956e-01,
       -8.4851030042694653e-01, -1.9976503673468926e-08,
       -8.4851030042498599e-01, -5.2917886396569580e-01,
       -2.1624223695004829e-06 ]
rotationAngleRadians: 2.7498767169869018e+00
rotationAngleDegrees: 1.5755633544921875e+02
rotationAxis: !!opencv-matrix
   rows: 3
   cols: 1
   dt: d
   data: [ -6.9305078547165411e-01, -1.9840183800290453e-01,
       6.9304929076811894e-01 ]
euler: !!opencv-matrix
   rows: 3
   cols: 1
   dt: d
   data: [ 1.7999998474121094e+02, 8.9999870300292969e+01,
       3.1949989318847656e+01 ]
objectPoints: !!opencv-matrix
   rows: 6
   cols: 1
   dt: "3f"
   data: [ 2.31697416e+00, 2.69999981e+00, 0., 0., 2.76508558e-08,
       -4.63904381e-01, 2.31697416e+00, 2.69999981e+00, -4.63904381e-01,
       0., 1.29143333e+00, -1.72090340e+00, 2.58554435e+00,
       4.98122574e-08, -8.35711002e-01, 3.35205674e+00, 2.69999981e+00,
       -4.63904381e-01 ]
imagePoints: !!opencv-matrix
   rows: 6
   cols: 1
   dt: "2f"
   data: [ 1.72929611e+02, 4.75640503e+02, 6.51383484e+02,
       7.07558777e+02, 3.23712097e+02, 4.75640442e+02, 8.36771606e+02,
       5.27269348e+02, 5.85296021e+02, 1.08449597e+03, 8.27366028e+01,
       6.74000427e+02 ]
